0.000	0.0000000000
0.001	0.0000216635
0.002	0.0000863981
0.003	0.0001934411
0.004	0.0003415400
0.005	0.0005289788
0.006	0.0007536145
0.007	0.0010129210
0.008	0.0013040404
0.009	0.0016238387
0.010	0.0019689649
0.011	0.0023359121
0.012	0.0027210776
0.013	0.0031208218
0.014	0.0035315238
0.015	0.0039496331
0.016	0.0043717149
0.017	0.0047944911
0.018	0.0052148736
0.019	0.0056299920
0.020	0.0060372143
0.021	0.0064341616
0.022	0.0068187168
0.023	0.0071890280
0.024	0.0075435070
0.025	0.0078808237
0.026	0.0081998969
0.027	0.0084998824
0.028	0.0087801584
0.029	0.0090403098
0.030	0.0092801108
0.031	0.0094995076
0.032	0.0096986002
0.033	0.0098776248
0.034	0.0100369360
0.035	0.0101769909
0.036	0.0102983324
0.037	0.0104015753
0.038	0.0104873919
0.039	0.0105564999
0.040	0.0106096505
0.041	0.0106476188
0.042	0.0106711940
0.043	0.0106811719
0.044	0.0106783476
0.045	0.0106635096
0.046	0.0106374346
0.047	0.0106008833
0.048	0.0105545967
0.049	0.0104992933
0.050	0.0104356668
0.051	0.0103643844
0.052	0.0102860857
0.053	0.0102013814
0.054	0.0101108535
0.055	0.0100150543
0.056	0.0099145074
0.057	0.0098097073
0.058	0.0097011202
0.059	0.0095891847
0.060	0.0094743124
0.061	0.0093568889
0.062	0.0092372747
0.063	0.0091158061
0.064	0.0089927964
0.065	0.0088685368
0.066	0.0087432973
0.067	0.0086173283
0.068	0.0084908611
0.069	0.0083641090
0.070	0.0082372686
0.071	0.0081105205
0.072	0.0079840304
0.073	0.0078579498
0.074	0.0077324170
0.075	0.0076075581
0.076	0.0074834876
0.077	0.0073603091
0.078	0.0072381161
0.079	0.0071169929
0.080	0.0069970149
0.081	0.0068782495
0.082	0.0067607563
0.083	0.0066445882
0.084	0.0065297914
0.085	0.0064164061
0.086	0.0063044672
0.087	0.0061940042
0.088	0.0060850419
0.089	0.0059776009
0.090	0.0058716975
0.091	0.0057673446
0.092	0.0056645515
0.093	0.0055633245
0.094	0.0054636672
0.095	0.0053655802
0.096	0.0052690622
0.097	0.0051741093
0.098	0.0050807160
0.099	0.0049888748
0.100	0.0048985766
0.101	0.0048098111
0.102	0.0047225663
0.103	0.0046368293
0.104	0.0045525861
0.105	0.0044698216
0.106	0.0043885202
0.107	0.0043086653
0.108	0.0042302397
0.109	0.0041532257
0.110	0.0040776051
0.111	0.0040033593
0.112	0.0039304694
0.113	0.0038589160
0.114	0.0037886798
0.115	0.0037197411
0.116	0.0036520802
0.117	0.0035856771
0.118	0.0035205120
0.119	0.0034565648
0.120	0.0033938158
0.121	0.0033322450
0.122	0.0032718325
0.123	0.0032125588
0.124	0.0031544041
0.125	0.0030973490
0.126	0.0030413743
0.127	0.0029864607
0.128	0.0029325892
0.129	0.0028797412
0.130	0.0028278981
0.131	0.0027770415
0.132	0.0027271532
0.133	0.0026782154
0.134	0.0026302104
0.135	0.0025831207
0.136	0.0025369293
0.137	0.0024916192
0.138	0.0024471737
0.139	0.0024035763
0.140	0.0023608110
0.141	0.0023188619
0.142	0.0022777132
0.143	0.0022373496
0.144	0.0021977560
0.145	0.0021589176
0.146	0.0021208196
0.147	0.0020834477
0.148	0.0020467879
0.149	0.0020108263
0.150	0.0019755493
0.151	0.0019409435
0.152	0.0019069959
0.153	0.0018736935
0.154	0.0018410238
0.155	0.0018089744
0.156	0.0017775330
0.157	0.0017466879
0.158	0.0017164273
0.159	0.0016867397
0.160	0.0016576139
0.161	0.0016290389
0.162	0.0016010039
0.163	0.0015734982
0.164	0.0015465115
0.165	0.0015200335
0.166	0.0014940544
0.167	0.0014685643
0.168	0.0014435535
0.169	0.0014190128
0.170	0.0013949329
0.171	0.0013713047
0.172	0.0013481195
0.173	0.0013253685
0.174	0.0013030432
0.175	0.0012811354
0.176	0.0012596368
0.177	0.0012385394
0.178	0.0012178355
0.179	0.0011975174
0.180	0.0011775775
0.181	0.0011580084
0.182	0.0011388029
0.183	0.0011199541
0.184	0.0011014548
0.185	0.0010832984
0.186	0.0010654782
0.187	0.0010479877
0.188	0.0010308204
0.189	0.0010139702
0.190	0.0009974309
0.191	0.0009811964
0.192	0.0009652610
0.193	0.0009496188
0.194	0.0009342642
0.195	0.0009191916
0.196	0.0009043957
0.197	0.0008898710
0.198	0.0008756125
0.199	0.0008616150
0.200	0.0008478735
0.201	0.0008343831
0.202	0.0008211389
0.203	0.0008081364
0.204	0.0007953709
0.205	0.0007828378
0.206	0.0007705328
0.207	0.0007584515
0.208	0.0007465896
0.209	0.0007349430
0.210	0.0007235077
0.211	0.0007122795
0.212	0.0007012546
0.213	0.0006904291
0.214	0.0006797993
0.215	0.0006693615
0.216	0.0006591120
0.217	0.0006490473
0.218	0.0006391639
0.219	0.0006294585
0.220	0.0006199276
0.221	0.0006105680
0.222	0.0006013765
0.223	0.0005923500
0.224	0.0005834852
0.225	0.0005747793
0.226	0.0005662293
0.227	0.0005578322
0.228	0.0005495852
0.229	0.0005414855
0.230	0.0005335303
0.231	0.0005257170
0.232	0.0005180430
0.233	0.0005105055
0.234	0.0005031022
0.235	0.0004958305
0.236	0.0004886880
0.237	0.0004816723
0.238	0.0004747810
0.239	0.0004680119
0.240	0.0004613627
0.241	0.0004548311
0.242	0.0004484151
0.243	0.0004421124
0.244	0.0004359211
0.245	0.0004298389
0.246	0.0004238641
0.247	0.0004179944
0.248	0.0004122282
0.249	0.0004065633
0.250	0.0004009981
0.251	0.0003955306
0.252	0.0003901591
0.253	0.0003848817
0.254	0.0003796969
0.255	0.0003746029
0.256	0.0003695980
0.257	0.0003646806
0.258	0.0003598491
0.259	0.0003551019
0.260	0.0003504376
0.261	0.0003458546
0.262	0.0003413514
0.263	0.0003369266
0.264	0.0003325787
0.265	0.0003283063
0.266	0.0003241081
0.267	0.0003199827
0.268	0.0003159289
0.269	0.0003119452
0.270	0.0003080305
0.271	0.0003041834
0.272	0.0003004028
0.273	0.0002966874
0.274	0.0002930361
0.275	0.0002894477
0.276	0.0002859211
0.277	0.0002824551
0.278	0.0002790486
0.279	0.0002757006
0.280	0.0002724101
0.281	0.0002691759
0.282	0.0002659970
0.283	0.0002628725
0.284	0.0002598014
0.285	0.0002567827
0.286	0.0002538155
0.287	0.0002508988
0.288	0.0002480317
0.289	0.0002452133
0.290	0.0002424427
0.291	0.0002397192
0.292	0.0002370417
0.293	0.0002344096
0.294	0.0002318220
0.295	0.0002292780
0.296	0.0002267769
0.297	0.0002243179
0.298	0.0002219003
0.299	0.0002195233
0.300	0.0002171861
0.301	0.0002148881
0.302	0.0002126286
0.303	0.0002104068
0.304	0.0002082220
0.305	0.0002060737
0.306	0.0002039611
0.307	0.0002018837
0.308	0.0001998406
0.309	0.0001978315
0.310	0.0001958555
0.311	0.0001939122
0.312	0.0001920009
0.313	0.0001901211
0.314	0.0001882722
0.315	0.0001864536
0.316	0.0001846647
0.317	0.0001829052
0.318	0.0001811743
0.319	0.0001794716
0.320	0.0001777967
0.321	0.0001761489
0.322	0.0001745278
0.323	0.0001729328
0.324	0.0001713637
0.325	0.0001698198
0.326	0.0001683007
0.327	0.0001668059
0.328	0.0001653351
0.329	0.0001638877
0.330	0.0001624634
0.331	0.0001610617
0.332	0.0001596822
0.333	0.0001583246
0.334	0.0001569883
0.335	0.0001556731
0.336	0.0001543786
0.337	0.0001531043
0.338	0.0001518499
0.339	0.0001506150
0.340	0.0001493993
0.341	0.0001482025
0.342	0.0001470241
0.343	0.0001458639
0.344	0.0001447215
0.345	0.0001435965
0.346	0.0001424888
0.347	0.0001413979
0.348	0.0001403235
0.349	0.0001392654
0.350	0.0001382232
0.351	0.0001371966
0.352	0.0001361854
0.353	0.0001351893
0.354	0.0001342080
0.355	0.0001332412
0.356	0.0001322887
0.357	0.0001313502
0.358	0.0001304254
0.359	0.0001295140
0.360	0.0001286160
0.361	0.0001277309
0.362	0.0001268585
0.363	0.0001259987
0.364	0.0001251511
0.365	0.0001243156
0.366	0.0001234920
0.367	0.0001226799
0.368	0.0001218792
0.369	0.0001210897
0.370	0.0001203112
0.371	0.0001195435
0.372	0.0001187863
0.373	0.0001180395
0.374	0.0001173029
0.375	0.0001165762
0.376	0.0001158594
0.377	0.0001151521
0.378	0.0001144543
0.379	0.0001137658
0.380	0.0001130863
0.381	0.0001124158
0.382	0.0001117540
0.383	0.0001111008
0.384	0.0001104560
0.385	0.0001098195
0.386	0.0001091910
0.387	0.0001085706
0.388	0.0001079579
0.389	0.0001073529
0.390	0.0001067554
0.391	0.0001061653
0.392	0.0001055824
0.393	0.0001050066
0.394	0.0001044377
0.395	0.0001038757
0.396	0.0001033204
0.397	0.0001027716
0.398	0.0001022293
0.399	0.0001016933
0.400	0.0001011635
