0 0
0.001 2.14566e-05
0.002 8.5573e-05
0.003 0.000191594
0.004 0.00033828
0.005 0.000523931
0.006 0.000746426
0.007 0.00100326
0.008 0.00129161
0.009 0.00160837
0.01 0.00195023
0.011 0.0023137
0.012 0.00269523
0.013 0.0030912
0.014 0.00349805
0.015 0.00391224
0.016 0.00433039
0.017 0.00474925
0.018 0.00516575
0.019 0.00557706
0.02 0.00598058
0.021 0.00637394
0.022 0.00675506
0.023 0.0071221
0.024 0.00747349
0.025 0.00780792
0.026 0.0081243
0.027 0.00842181
0.028 0.00869983
0.029 0.00895795
0.03 0.00919595
0.031 0.00941377
0.032 0.00961151
0.033 0.00978941
0.034 0.00994781
0.035 0.0100872
0.036 0.010208
0.037 0.010311
0.038 0.0103967
0.039 0.0104659
0.04 0.0105193
0.041 0.0105577
0.042 0.0105818
0.043 0.0105925
0.044 0.0105906
0.045 0.0105767
0.046 0.0105517
0.047 0.0105164
0.048 0.0104714
0.049 0.0104175
0.05 0.0103554
0.051 0.0102857
0.052 0.010209
0.053 0.010126
0.054 0.0100373
0.055 0.00994327
0.056 0.00984457
0.057 0.00974165
0.058 0.00963498
0.059 0.00952499
0.06 0.00941208
0.061 0.00929664
0.062 0.00917902
0.063 0.00905955
0.064 0.00893855
0.065 0.00881629
0.066 0.00869306
0.067 0.00856909
0.068 0.00844462
0.069 0.00831985
0.07 0.00819498
0.071 0.00807019
0.072 0.00794564
0.073 0.00782148
0.074 0.00769785
0.075 0.00757487
0.076 0.00745266
0.077 0.00733132
0.078 0.00721094
0.079 0.0070916
0.08 0.00697339
0.081 0.00685635
0.082 0.00674057
0.083 0.00662608
0.084 0.00651293
0.085 0.00640117
0.086 0.00629082
0.087 0.00618193
0.088 0.0060745
0.089 0.00596856
0.09 0.00586414
0.091 0.00576123
0.092 0.00565985
0.093 0.00556001
0.094 0.00546171
0.095 0.00536496
0.096 0.00526974
0.097 0.00517606
0.098 0.00508391
0.099 0.00499328
0.1 0.00490416
0.101 0.00481656
0.102 0.00473044
0.103 0.00464581
0.104 0.00456264
0.105 0.00448092
0.106 0.00440064
0.107 0.00432178
0.108 0.00424433
0.109 0.00416825
0.11 0.00409355
0.111 0.0040202
0.112 0.00394818
0.113 0.00387747
0.114 0.00380806
0.115 0.00373992
0.116 0.00367303
0.117 0.00360738
0.118 0.00354294
0.119 0.0034797
0.12 0.00341764
0.121 0.00335673
0.122 0.00329696
0.123 0.00323831
0.124 0.00318076
0.125 0.00312429
0.126 0.00306888
0.127 0.00301451
0.128 0.00296116
0.129 0.00290882
0.13 0.00285747
0.131 0.00280708
0.132 0.00275765
0.133 0.00270914
0.134 0.00266156
0.135 0.00261487
0.136 0.00256907
0.137 0.00252413
0.138 0.00248004
0.139 0.00243678
0.14 0.00239434
0.141 0.0023527
0.142 0.00231184
0.143 0.00227176
0.144 0.00223243
0.145 0.00219385
0.146 0.00215599
0.147 0.00211884
0.148 0.0020824
0.149 0.00204664
0.15 0.00201155
0.151 0.00197712
0.152 0.00194334
0.153 0.00191019
0.154 0.00187766
0.155 0.00184574
0.156 0.00181442
0.157 0.00178368
0.158 0.00175352
0.159 0.00172392
0.16 0.00169487
0.161 0.00166637
0.162 0.00163839
0.163 0.00161093
0.164 0.00158399
0.165 0.00155754
0.166 0.00153158
0.167 0.00150611
0.168 0.0014811
0.169 0.00145656
0.17 0.00143247
0.171 0.00140882
0.172 0.00138561
0.173 0.00136282
0.174 0.00134045
0.175 0.00131849
0.176 0.00129694
0.177 0.00127578
0.178 0.001255
0.179 0.00123461
0.18 0.00121459
0.181 0.00119493
0.182 0.00117562
0.183 0.00115667
0.184 0.00113807
0.185 0.0011198
0.186 0.00110186
0.187 0.00108424
0.188 0.00106694
0.189 0.00104996
0.19 0.00103328
0.191 0.0010169
0.192 0.00100081
0.193 0.000985012
0.194 0.000969497
0.195 0.000954259
0.196 0.000939294
0.197 0.000924596
0.198 0.000910159
0.199 0.00089598
0.2 0.000882052
0.201 0.000868372
0.202 0.000854934
0.203 0.000841734
0.204 0.000828767
0.205 0.000816029
0.206 0.000803516
0.207 0.000791223
0.208 0.000779147
0.209 0.000767282
0.21 0.000755625
0.211 0.000744173
0.212 0.000732921
0.213 0.000721866
0.214 0.000711003
0.215 0.00070033
0.216 0.000689843
0.217 0.000679538
0.218 0.000669411
0.219 0.00065946
0.22 0.000649682
0.221 0.000640072
0.222 0.000630629
0.223 0.000621348
0.224 0.000612227
0.225 0.000603262
0.226 0.000594452
0.227 0.000585793
0.228 0.000577282
0.229 0.000568917
0.23 0.000560694
0.231 0.000552612
0.232 0.000544667
0.233 0.000536858
0.234 0.000529181
0.235 0.000521634
0.236 0.000514216
0.237 0.000506922
0.238 0.000499752
0.239 0.000492703
0.24 0.000485773
0.241 0.000478959
0.242 0.00047226
0.243 0.000465673
0.244 0.000459196
0.245 0.000452828
0.246 0.000446566
0.247 0.000440408
0.248 0.000434353
0.249 0.000428399
0.25 0.000422544
0.251 0.000416786
0.252 0.000411123
0.253 0.000405553
0.254 0.000400076
0.255 0.000394689
0.256 0.000389391
0.257 0.000384179
0.258 0.000379054
0.259 0.000374012
0.26 0.000369053
0.261 0.000364175
0.262 0.000359376
0.263 0.000354655
0.264 0.000350012
0.265 0.000345443
0.266 0.000340949
0.267 0.000336528
0.268 0.000332177
0.269 0.000327898
0.27 0.000323687
0.271 0.000319543
0.272 0.000315467
0.273 0.000311455
0.274 0.000307508
0.275 0.000303624
0.276 0.000299801
0.277 0.00029604
0.278 0.000292338
0.279 0.000288696
0.28 0.00028511
0.281 0.000281582
0.282 0.000278109
0.283 0.000274691
0.284 0.000271326
0.285 0.000268015
0.286 0.000264755
0.287 0.000261547
0.288 0.000258388
0.289 0.000255279
0.29 0.000252217
0.291 0.000249204
0.292 0.000246237
0.293 0.000243316
0.294 0.00024044
0.295 0.000237609
0.296 0.000234821
0.297 0.000232075
0.298 0.000229372
0.299 0.00022671
0.3 0.000224089
0.301 0.000221507
0.302 0.000218965
0.303 0.000216461
0.304 0.000213995
0.305 0.000211567
0.306 0.000209175
0.307 0.000206819
0.308 0.000204498
0.309 0.000202212
0.31 0.00019996
0.311 0.000197741
0.312 0.000195556
0.313 0.000193402
0.314 0.000191281
0.315 0.000189191
0.316 0.000187132
0.317 0.000185103
0.318 0.000183104
0.319 0.000181134
0.32 0.000179192
0.321 0.000177279
0.322 0.000175394
0.323 0.000173536
0.324 0.000171704
0.325 0.0001699
0.326 0.000168121
0.327 0.000166367
0.328 0.000164639
0.329 0.000162935
0.33 0.000161255
0.331 0.000159599
0.332 0.000157967
0.333 0.000156357
0.334 0.000154771
0.335 0.000153206
0.336 0.000151663
0.337 0.000150142
0.338 0.000148642
0.339 0.000147163
0.34 0.000145704
0.341 0.000144265
0.342 0.000142846
0.343 0.000141447
0.344 0.000140066
0.345 0.000138704
0.346 0.000137361
0.347 0.000136036
0.348 0.000134729
0.349 0.000133439
0.35 0.000132167
0.351 0.000130912
0.352 0.000129673
0.353 0.000128451
0.354 0.000127245
0.355 0.000126055
0.356 0.000124881
0.357 0.000123721
0.358 0.000122578
0.359 0.000121448
0.36 0.000120334
0.361 0.000119234
0.362 0.000118148
0.363 0.000117076
0.364 0.000116018
0.365 0.000114973
0.366 0.000113942
0.367 0.000112924
0.368 0.000111918
0.369 0.000110925
0.37 0.000109944
0.371 0.000108976
0.372 0.00010802
0.373 0.000107076
0.374 0.000106143
0.375 0.000105221
0.376 0.000104311
0.377 0.000103412
0.378 0.000102524
0.379 0.000101647
0.38 0.00010078
0.381 9.99241e-05
0.382 9.9078e-05
0.383 9.8242e-05
0.384 9.74159e-05
0.385 9.65996e-05
0.386 9.57929e-05
0.387 9.49956e-05
0.388 9.42077e-05
0.389 9.34289e-05
0.39 9.26591e-05
0.391 9.18982e-05
0.392 9.1146e-05
0.393 9.04025e-05
0.394 8.96674e-05
0.395 8.89406e-05
0.396 8.82221e-05
0.397 8.75116e-05
0.398 8.68091e-05
0.399 8.61144e-05
0.4 8.54274e-05
