MDX2 _____EXTRA EQUIPMENT INFO FOR COMMON/EQX2MD/
C    (NP0MDX=17)  ALIGNMENT TABLE FROM DUBNA  VT JAN97
C N Lay
C      1       2       3       4       5       6       7       8      
C 9       10      11      12      13      14      15      16      17
C dPhi1
  9.792	7.9	7.058	6.3	5.475	5.741	5.125	4.713
       4.2	3.666    3.458	 3.8165    3.375   3.0805     3.067   2.824	2.704
C dPhiback
   0.      29.031     0.    -22.528     0.      17.982     0.  -15.991    
0.     14.496     0.    -13.5105     0.     12.490     0.    -11.466     0.
C dPhiforw
   0.     -17.001     0.     17.491     0.     -17.982     0.   15.991    
0.    -14.496     0.     13.5105     0.    -12.490     0.     11.466     0.
C dPhiTube
 6.417   5.267   4.483    3.9     3.45    4.55   4.042   3.633   
3.3    3.025   2.792   3.383    3.15   2.942   2.717   2.567   2.392
C rmax(mm)
   41.     49.     57.     65.     73.     82.     92.    102.    
112.    122.    132.    143.    155.    167.    179.    191.    203.
C N of tube
  52      64      76      88     100      76      86      96    
106     116     126     104     112     120     130     138     148
C D of tube
  4.      4.      4.      4.      4.      6.      6.      6.     
6.      6.      6.      8.      8.      8.      8.      8.      8.
C zback(mm)
-223.6  -223.6  -223.6  -223.6  -223.6  -223.6  -223.6  -223.6 
-223.6  -223.6  -223.6  -223.6  -223.6  -223.6  -223.6  -223.6  -223.6
C zforw(mm)
 106.    125.1   149.8   174.4    199.    223.6   223.6   223.6  
223.6   223.6   223.6   223.6   223.6   223.6   223.6   223.6   223.6
C Lback(mm)
  -212.   -212.   -212.   -212.   -212.   -212.   -212.   -212.   
-212.   -212.   -212.   -212.   -212.   -212.   -212.   -212.   -212.
C Lforw(mm)
  92.    110.    128.    146.    164.    212.    212.    212.    
212.    212.    212.    212.    212.    212.    212.    212.    212.
'A300'
